Checking if (0,0,0)(1,1,1)(2,1,0)(1,1,1) is standard or not.
Decreasing sequence from (0,0,0,0)(1,1,1,1) follows.
(0,0,0)(1,1,1)(2,2,2)
(0,0,0)(1,1,1)(2,2,1)
(0,0,0)(1,1,1)(2,2,0)
(0,0,0)(1,1,1)(2,1,1)
(0,0,0)(1,1,1)(2,1,0)(3,2,1)
(0,0,0)(1,1,1)(2,1,0)(3,2,0)
(0,0,0)(1,1,1)(2,1,0)(3,1,0)
(0,0,0)(1,1,1)(2,1,0)(3,0,0)
(0,0,0)(1,1,1)(2,1,0)(2,1,0)
(0,0,0)(1,1,1)(2,1,0)(2,0,0)
(0,0,0)(1,1,1)(2,1,0)(1,1,1)
Standard.
--------------------------------------------
Legend for ordinal: w = omega, e = epsilon, p = Bashicu's psi
--------------------------------------------
(0,0,0)(1,1,1)(2,1,0)(1,1,1)[3]
G = empty
B = (0,0,0)(1,1,1)(2,1,0)
Delta = (1,1,0)
C = (1,1,1)(1,1,1)(1,0,0)
f(n) = 3
--------------------------------------------
(0,0,0)(1,1,1)(2,1,0)(1,1,0)(2,2,1)(3,1,0)(2,2,0)(3,3,1)(4,1,0)(3,3,0)(4,4,1)(5,1,0)[3]
Length of sequence exceeds 20 at next step.
