Checking if (0,0)(1,1)(2,2)(3,3)(3,2) is standard or not.
Decreasing sequence from (0,0,0)(1,1,1) follows.
(0,0)(1,1)(2,2)(3,3)(4,4)
(0,0)(1,1)(2,2)(3,3)(4,3)
(0,0)(1,1)(2,2)(3,3)(4,2)
(0,0)(1,1)(2,2)(3,3)(4,1)
(0,0)(1,1)(2,2)(3,3)(4,0)
(0,0)(1,1)(2,2)(3,3)(3,3)
(0,0)(1,1)(2,2)(3,3)(3,2)
Standard.
--------------------------------------------
Legend for ordinal: w = omega, e = epsilon, p = Bashicu's psi
--------------------------------------------
(0,0)(1,1)(2,2)(3,3)(3,2)[3]
Ord = p0(p1(p2(p3(0)+p2(0))))
G = (0,0)
B = (1,1)(2,2)(3,3)
Delta = (2,0)
C = (1,1)(1,1)(1,1)
f(n) = 3
--------------------------------------------
(0,0)(1,1)(2,2)(3,3)(3,1)(4,2)(5,3)(5,1)(6,2)(7,3)(7,1)(8,2)(9,3)[3]
Maximum step of calculation 1 has reached.
